genome_pos	Pred_label	CNN_pred	WideVariant_pred	CNN_prob	Qual_filter (<30)	Cov_filter (<5)	MAF_filter (>0.85)	Indel_filter (<0.33)	MFAS_filter (1)	MMCP_filter (5)	CPN_filter (4,7)	Fix_filter	Whether_recomb	Fraction_ambigious_samples	Gap_filter
10866	1	1	1	0.99999654	0	0	0	0	0	0	0	0	0	0.000000	0
265874	1	1	1	1.0	0	0	0	0	0	0	0	0	0	0.000000	0
271668	1	1	1	1.0	0	0	0	0	0	0	0	0	0	0.000000	0
311601	1	1	1	0.9999839	0	0	0	0	0	0	0	0	0	0.000000	0
353798	1	1	1	0.9999615	0	0	0	0	0	0	0	0	0	0.000000	0
354183	1	1	1	1.0	0	0	0	0	0	0	0	0	0	0.000000	0
372419	1	1	1	1.0	0	0	0	0	0	0	0	0	0	0.000000	0
383947	1	1	1	0.99999475	0	0	0	0	0	0	0	0	0	0.000000	0
394271	1	1	1	1.0	0	0	0	0	0	0	0	0	0	0.000000	0
491580	1	1	1	1.0	0	0	0	0	0	0	0	0	0	0.000000	0
559568	1	1	1	1.0	0	0	0	0	0	0	0	0	0	0.000000	0
605030	1	1	1	0.9999777	0	0	0	0	0	0	0	0	0	0.000000	0
739168	1	1	1	1.0	0	0	0	0	0	0	0	0	0	0.000000	0
852062	1	1	1	0.9999994	0	0	0	0	0	0	0	0	0	0.000000	0
956476	1	1	1	1.0	0	0	0	0	0	0	0	0	0	0.000000	0
1041058	1	1	1	1.0	0	0	0	0	0	0	0	0	0	0.000000	0
1054786	1	1	1	1.0	0	0	0	0	0	0	0	0	0	0.000000	0
1154874	1	1	1	1.0	0	0	0	0	0	0	0	0	0	0.000000	0
1202244	1	1	1	1.0	0	0	0	0	0	0	0	0	0	0.000000	0
1266762	1	1	1	1.0	0	0	0	0	0	0	0	0	0	0.000000	0
1282310	1	1	1	1.0	0	0	0	0	0	0	0	0	0	0.000000	0
1324180	1	1	1	1.0	0	0	0	0	0	0	0	0	0	0.000000	0
1428080	1	1	1	0.9999896	0	0	0	0	0	0	0	0	0	0.000000	0
1438395	1	1	1	1.0	0	0	0	0	0	0	0	0	0	0.000000	0
1492820	1	1	1	1.0	0	0	0	0	0	0	0	0	0	0.000000	0
1587411	1	1	1	1.0	0	0	0	0	0	0	0	0	0	0.000000	0
1591527	1	1	1	1.0	0	0	0	0	0	0	0	0	0	0.000000	0
1652537	1	1	1	1.0	0	0	0	0	0	0	0	0	0	0.000000	0
1708419	1	1	1	1.0	0	0	0	0	0	0	0	0	0	0.000000	0
1877852	1	1	1	0.99996746	0	0	0	0	0	0	0	0	0	0.000000	0
1920698	1	1	1	1.0	0	0	0	0	0	0	0	0	0	0.000000	0
2120824	1	1	1	1.0	0	0	0	0	0	0	0	0	0	0.000000	0
2176902	1	1	1	1.0	0	0	0	0	0	0	0	0	0	0.000000	0
2279219	1	1	1	0.9999944	0	0	0	0	0	0	0	0	0	0.000000	0
2294828	1	1	1	0.9999999	0	0	0	0	0	0	0	0	0	0.000000	0
2379762	1	1	1	0.9999958	0	0	0	0	0	0	0	0	0	0.000000	0
2396161	1	1	1	0.9999957	0	0	0	0	0	0	0	0	0	0.000000	0
2398730	1	1	1	1.0	0	0	0	0	0	0	0	0	0	0.000000	0
